id=1
size=13
2665 0.017536
2753 0.023617
2733 0.023313
2629 0.018486
2615 0.013593
2651 0.003010
2659 0.018810
2610 0.008565
2617 0.008422
2499 0.024751
2499 0.013268
2480 0.035521
2419 0.025710
2419 0.017637
2472 0.023270
id=2
size=13
1982 0.006276
1936 0.004747
1887 0.011527
1878 0.020029
1822 0.011314
1855 0.009200
1786 0.013453
1734 0.004603
1733 0.017649
1734 0.010198
1632 0.010117
1728 0.017155
1644 0.007403
1530 0.015747
1671 0.019385
1482 0.021167
id=3
size=1
1489 0.006199
1456 0.018876
1646 0.004183
1529 0.023327
1529 0.016326
1614 0.009408
1818 0.003294
id=4
size=7
890 0.012143
895 0.038697
941 0.014573
994 0.009845
1002 0.031531
1043 0.011775
1065 0.022744
1054 0.011168
1098 0.007220
1103 0.005709
1123 0.001085
1123 0.015250
id=5
size=2
1722 0.025475
1821 0.022113
2127 0.007330
2108 0.000829
2131 0.005336
1848 0.020098
2142 0.015938
1905 0.015835
1931 0.020851
id=6
size=2
1497 0.015396
1738 0.001632
1689 0.004927
1516 0.013672
1567 0.032449
1434 0.027199
1704 0.004298
1704 0.006937
1536 0.028006
1581 0.019293
1488 0.010498
1659 0.007682
id=7
size=394
1982 0.018998
1959 0.015847
2116 0.020744
1612 0.000023
1490 0.009040
1761 0.012610
1706 0.013476
2020 0.032792
1835 0.020988
1900 0.007619
1638 0.027327
1900 0.000049
1969 0.009113
1868 0.017735
1734 0.012987
1852 0.018451
1777 0.009605
2037 0.012792
1511 0.012974
1997 0.024026
1798 0.025438
1853 0.013667
2086 0.025379
1754 0.014247
2031 0.005170
2032 0.021690
1946 0.027437
1946 0.032038
1783 0.000082
1783 0.012261
1891 0.020549
1720 0.020645
1758 0.029992
1932 0.024665
2062 0.012008
1858 0.032268
1888 0.016626
1999 0.017608
2056 0.025580
1553 0.005327
1999 0.031479
id=8
size=122
1826 0.011649
1976 0.017217
1696 0.012727
1713 0.016754
1717 0.015145
1706 0.012795
1916 0.012979
1613 0.011496
1706 0.008461
1558 0.019137
1864 0.015294
1730 0.008444
1587 0.029974
1537 0.029233
1447 0.016311
1716 0.008952
1649 0.024057
1418 0.021300
1418 0.023658
1489 0.005889
1366 0.021851
1672 0.015426
1509 0.030460
1596 0.015897
1406 0.023277
1529 0.029819
1519 0.009989
1495 0.011690
1465 0.011808