id=1
size=13
cnt=3
2014 0.029187
2383 0.008446
2346 0.039335
2157 0.019367
2199 0.032296
2478 0.000058
2514 0.000026
2397 0.000064
2397 0.013092
2208 0.020470
2208 0.009368
2343 0.004168
2231 0.021577
2251 0.007542
2419 0.004421
id=2
size=13
cnt=0
1982 0.006276
1936 0.004747
1887 0.011527
1878 0.020029
1822 0.011314
1855 0.009200
1786 0.013453
1734 0.004603
1733 0.017649
1734 0.010198
1632 0.010117
1728 0.017155
1644 0.007403
1530 0.015747
1671 0.019385
1482 0.021167
id=3
size=1
cnt=0
1489 0.006199
1456 0.018876
1646 0.004183
1529 0.023327
1529 0.016326
1614 0.009408
1818 0.003294
id=4
size=7
cnt=3
4005 0.012547
3865 0.000019
3817 0.022134
3991 0.043671
3710 0.027264
3931 0.052103
3931 0.000022
3789 0.009867
3950 0.013458
3950 0.006278
3853 0.000038
3853 0.015094
id=5
size=2
cnt=0
1722 0.025475
1821 0.022113
2127 0.007330
2108 0.000829
2131 0.005336
1848 0.020098
2142 0.015938
1905 0.015835
1931 0.020851
id=6
size=2
cnt=0
1497 0.015396
1738 0.001632
1689 0.004927
1516 0.013672
1567 0.032449
1434 0.027199
1704 0.004298
1704 0.006937
1536 0.028006
1581 0.019293
1488 0.010498
1659 0.007682
id=7
size=394
cnt=3
906 0.000098
852 0.022297
986 0.011970
680 0.034917
634 0.021582
753 0.020773
727 0.025382
909 0.019464
791 0.012872
857 0.023051
662 0.022599
807 0.026410
893 0.015186
807 0.009776
728 0.020089
807 0.005561
728 0.013095
916 0.000029
617 0.003974
871 0.025504
743 0.021253
783 0.014772
960 0.024681
719 0.049065
913 0.035397
960 0.040595
868 0.016376
868 0.008065
695 0.023269
695 0.018504
777 0.025791
644 0.000063
678 0.032912
750 0.023166
904 0.011399
738 0.035244
738 0.006036
817 0.025680
905 0.037050
478 0.035042
810 0.025758
id=8
size=122
cnt=3
2245 0.016143
2788 0.012797
2043 0.000037
2201 0.032561
2213 0.022879
2213 0.013793
2874 0.024000
2076 0.018566
2213 0.018615
2199 0.033523
2746 0.009856
2473 0.017560
2257 0.010686
2321 0.000025
2222 0.029115
2630 0.000055
2525 0.004324
2287 0.005282
2306 0.003588
2446 0.024246
2300 0.014481
2708 0.017358
2526 0.023096
2692 0.010111
2434 0.011557
2610 0.017408
2711 0.020617
2660 0.016799
2664 0.013154